Year,Age,AgeDif,Tm,Lg,Lev,Aff,W,L,W-L%,ERA,RA9,G,GS,GF,CG,SHO,SV,IP,H,R,ER,HR,BB,IBB,SO,HBP,BK,WP,BF,WHIP,H9,HR9,BB9,SO9,SO/W
2006,18,-10.6,Yokohama,JPCL,Fgn,,1,2,.333,6.43,6.43,5,5,0,0,0,0,21.0,22,15,15,8,8,0,17,2,0,0,93,1.429,9.4,3.4,3.4,7.3,2.13
2007,19,-9.9,Yokohama,JPCL,Fgn,,0,3,.000,6.30,7.20,6,4,,0,0,0,20.0,21,16,14,4,10,0,14,1,0,1,94,1.550,9.5,1.8,4.5,6.3,1.40
2008,20,,2 Teams,2 Lgs,Fgn,,5,4,.556,2.24,2.57,51,0,,0,0,3,108.2,79,31,27,7,56,0,126,5,0,9,455,1.242,6.5,0.6,4.6,10.4,2.25
2008,20,-6.1,Shonan,JPEL,Fgn,,4,3,.571,2.65,3.07,35,,,0,0,3,85.0,69,29,25,6,40,0,98,4,0,7,359,1.282,7.3,0.6,4.2,10.4,2.45
2008,20,-8.2,Yokohama,JPCL,Fgn,,1,1,.500,0.76,0.76,16,0,,0,0,0,23.2,10,2,2,1,16,0,28,1,0,2,96,1.099,3.8,0.4,6.1,10.6,1.75
2009,21,,2 Teams,2 Lgs,Fgn,,5,4,.556,3.12,3.43,53,0,,0,0,19,57.2,45,22,20,7,17,0,71,4,0,5,231,1.075,7.0,1.1,2.7,11.1,4.18
2009,21,-7.6,Yokohama,JPCL,Fgn,,5,4,.556,3.27,3.60,51,0,,0,0,18,55.0,44,22,20,7,17,0,68,4,0,5,223,1.109,7.2,1.1,2.8,11.1,4.00
2009,21,-5.5,Shonan,JPEL,Fgn,,0,0,,0.00,0.00,2,,,0,0,1,2.2,1,0,0,0,0,0,3,0,0,0,8,0.375,3.4,0.0,0.0,10.1,
2010,22,-6.3,Yokohama,JPCL,Fgn,,2,8,.200,2.62,2.62,54,0,49,0,0,30,68.2,57,20,20,6,24,5,78,1,0,3,282,1.180,7.5,0.8,3.1,10.2,3.25
2011,23,,2 Teams,2 Lgs,Fgn,,2,6,.250,2.45,2.89,60,0,58,0,0,34,62.1,46,20,17,5,19,1,50,4,0,3,256,1.043,6.6,0.7,2.7,7.2,2.63
2011,23,-5.0,Yokohama,JPCL,Fgn,,2,6,.250,2.49,2.93,59,0,58,0,0,34,61.1,46,20,17,5,19,1,48,4,0,3,253,1.060,6.8,0.7,2.8,7.0,2.53
2011,23,-3.8,Yokohama,JPEL,Fgn,,0,0,,0.00,0.00,1,,,0,0,0,1.0,0,0,0,0,0,0,2,0,0,0,3,0.000,0.0,0.0,0.0,18.0,
2012,24,-4.4,Yokohama,JPCL,Fgn,,1,2,.333,1.74,1.89,60,0,56,0,0,22,62.0,46,13,12,1,22,4,62,5,0,2,258,1.097,6.7,0.1,3.2,9.0,2.82
2013,25,,2 Teams,2 Lgs,Fgn,,5,2,.714,4.78,4.78,48,0,23,0,0,8,52.2,50,28,28,6,16,1,57,2,0,5,224,1.253,8.5,1.0,2.7,9.7,3.56
2013,25,-3.4,Yokohama,JPCL,Fgn,,5,2,.714,5.40,5.40,44,0,23,0,0,7,46.2,46,28,28,6,16,1,48,2,0,5,202,1.329,8.9,1.2,3.1,9.3,3.00
2013,25,-1.7,Yokohama,JPEL,Fgn,,0,0,,0.00,0.00,4,,,0,0,1,6.0,4,0,0,0,0,0,9,0,0,0,22,0.667,6.0,0.0,0.0,13.5,
2014,26,,2 Teams,2 Lgs,Fgn,,9,5,.643,2.69,3.90,35,17,5,3,2,1,134.0,109,58,40,5,61,0,107,3,0,5,569,1.269,7.3,0.3,4.1,7.2,1.75
2014,26,-2.4,Yokohama,JPCL,Fgn,,8,5,.615,2.90,4.21,33,17,5,3,2,0,124.0,107,58,40,5,60,0,96,3,0,5,536,1.347,7.8,0.4,4.4,7.0,1.60
2014,26,-0.7,Yokohama,JPEL,Fgn,,1,0,1.000,0.00,0.00,2,,,0,0,1,10.0,2,0,0,0,1,0,11,0,0,0,33,0.300,1.8,0.0,0.9,9.9,11.00
2015,27,,2 Teams,2 Lgs,Fgn,,5,8,.385,4.15,4.95,25,20,0,2,0,0,145.1,147,80,67,13,53,0,149,4,1,7,633,1.376,9.1,0.8,3.3,9.2,2.81
2015,27,-1.5,Yokohama,JPCL,Fgn,,3,6,.333,4.49,5.27,20,20,0,2,0,0,114.1,127,67,57,13,42,0,119,3,1,6,508,1.478,10.0,1.0,3.3,9.4,2.83
2015,27,0.2,Yokohama,JPEL,Fgn,,2,2,.500,2.90,3.77,5,,,0,0,0,31.0,20,13,10,0,11,0,30,1,0,1,125,1.000,5.8,0.0,3.2,8.7,2.73
2016,28,,2 Teams,2 Lgs,Fgn,,11,7,.611,2.91,3.14,22,,,5,3,0,157.2,127,55,51,10,48,0,143,4,0,5,645,1.110,7.2,0.6,2.7,8.2,2.98
2016,28,0.0,Yokohama,JPCL,Fgn,,11,5,.688,2.86,3.12,19,,,5,3,0,138.2,112,48,44,10,44,0,121,4,0,5,570,1.125,7.3,0.6,2.9,7.9,2.75
2016,28,1.2,Yokohama,JPEL,Fgn,,0,2,.000,3.32,3.32,3,,,0,0,0,19.0,15,7,7,0,4,0,22,0,0,0,75,1.000,7.1,0.0,1.9,10.4,5.50
2017,29,,2 Teams,2 Lgs,Fgn,,2,1,.667,4.11,4.11,7,4,0,0,0,0,35.0,29,16,16,5,20,0,30,2,1,1,151,1.400,7.5,1.3,5.1,7.7,1.50
2017,29,1.3,Yomiuri,JPCL,Fgn,,1,1,.500,6.43,6.43,4,4,0,0,0,0,21.0,24,15,15,5,16,0,22,1,1,1,97,1.905,10.3,2.1,6.9,9.4,1.38
2017,29,2.8,Yomiuri,JPEL,Fgn,,1,0,1.000,0.64,0.64,3,,,0,0,0,14.0,5,1,1,0,4,0,8,1,0,0,54,0.643,3.2,0.0,2.6,5.1,2.00
2018,30,,2 Teams,2 Lgs,Fgn,,9,9,.500,3.69,3.87,32,,,6,2,1,156.0,130,67,64,18,61,1,146,9,0,5,654,1.224,7.5,1.0,3.5,8.4,2.39
2018,30,2.1,Yomiuri,JPCL,Fgn,,9,9,.500,3.68,3.86,30,,,6,2,1,154.0,127,66,63,18,60,1,144,9,0,4,644,1.214,7.4,1.1,3.5,8.4,2.40
2018,30,3.9,Yomiuri,JPEL,Fgn,,0,0,,4.50,4.50,2,,,0,0,0,2.0,3,1,1,0,1,0,2,0,0,1,10,2.000,13.5,0.0,4.5,9.0,2.00
2019,31,,2 Teams,2 Lgs,Fgn,,16,4,.800,2.78,3.08,28,,,0,0,0,181.0,148,62,56,8,64,1,194,13,0,5,750,1.171,7.4,0.4,3.2,9.6,3.03
2019,31,3.2,Yomiuri,JPCL,Fgn,,15,4,.789,2.91,3.18,26,,,0,0,0,170.0,137,60,55,8,60,1,188,13,0,4,705,1.159,7.3,0.4,3.2,10.0,3.13
2019,31,5.3,Yomiuri,JPEL,Fgn,,1,0,1.000,0.82,1.64,2,,,0,0,0,11.0,11,2,1,0,4,0,6,0,0,1,45,1.364,9.0,0.0,3.3,4.9,1.50
2020,32,3.8,TOR,AL,Maj,TOR,2,4,.333,8.06,8.77,17,0,7,0,0,0,25.2,28,25,23,6,17,0,26,2,1,2,120,1.753,9.8,2.1,6.0,9.1,1.53
2021,33,5.6,Sacramento,AAAW,AAA,SFG,0,3,.000,6.17,6.94,5,4,1,0,0,0,23.1,19,18,16,3,14,1,25,2,0,0,105,1.414,7.3,1.2,5.4,9.6,1.79
2021,33,5.8,Yomiuri,JPCL,Fgn,,2,8,.200,3.56,3.91,15,,,0,0,0,78.1,66,34,31,6,37,1,83,3,0,0,337,1.315,7.6,0.7,4.3,9.5,2.24
2022,34,,2 Teams,2 Lgs,Fgn,,1,2,.333,3.77,4.06,24,,,0,0,3,31.0,32,14,13,3,11,0,35,1,0,5,136,1.387,9.3,0.9,3.2,10.2,3.18
2022,34,9.0,Yomiuri,JPEL,Fgn,,1,2,.333,4.03,4.34,23,,,0,0,3,29.0,32,14,13,3,9,0,31,1,0,5,128,1.414,9.9,0.9,2.8,9.6,3.44
2022,34,6.8,Yomiuri,JPCL,Fgn,,0,0,,0.00,0.00,1,,,0,0,0,2.0,0,0,0,0,2,0,4,0,0,0,8,1.000,0.0,0.0,9.0,18.0,2.00